2 200
511 725
0
0
48
102 190 3 0
102 238 2 0
102 286 2 0
102 334 1 0
102 382 1 1
190 190 3 0
190 238 2 0
190 286 2 0
190 334 1 0
190 382 1 1
278 190 3 0
278 238 2 0
278 286 2 0
278 334 1 0
278 382 1 1
366 190 3 0
366 238 2 0
366 286 2 0
366 334 1 0
366 382 1 1
454 190 3 0
454 238 2 0
454 286 2 0
454 334 1 1
542 190 3 0
542 238 2 0
542 286 2 0
542 334 1 1
630 190 3 0
630 238 2 0
630 286 2 0
630 334 1 0
630 382 1 1
718 190 3 0
718 238 2 0
718 286 2 0
718 334 1 0
718 382 1 1
806 190 3 0
806 238 2 0
806 286 2 0
806 334 1 0
806 382 1 1
894 190 3 0
894 238 2 0
894 286 2 0
894 334 1 0
894 382 1 1
